51 5.000000
51 89.000000
51 32.000000
-1
1
1
1
75 3.000000
75 2.000000
75 1.000000
20
35 79.000000
35 78.000000
21
21
44 44.000000
35 70.000000
35 78.000000
35 73.000000
21
21
21
44 44.000000
67 5.000000
2
44 44.000000
67 5.000000
67 8.000000
2
2
44 44.000000
67 9.000000
35 0.000000
49 12.000000
67 9.000000
35 -1.000000
49 17.000000
67 9.000000
35 1.000000
49 24.000000
67 9.000000
35 2.000000
49 27.000000
20
35 4.000000
67 1.000000
67 3.000000
7
7
67 2.000000
67 2.000000
7
6
75 4.000000
20
35 -1.000000
75 9.000000
44 123.000000
35 0.000000
75 9.000000
44 123.000000
67 3.000000
35 0.000000
49 56.000000
44 59.000000
67 2.000000
35 0.000000
49 62.000000
67 2.000000
67 3.000000
35 0.000000
6
4
75 5.000000
35 1.000000
75 9.000000
44 123.000000
35 2.000000
67 1.000000
7
67 2.000000
35 0.000000
6
4
75 5.000000
35 1.000000
75 9.000000
44 123.000000
67 1.000000
35 0.000000
49 66.000000
51 45.000000
67 4.000000
35 0.000000
45 59.000000
67 4.000000
35 0.000000
49 78.000000
67 1.000000
35 2.000000
7
67 4.000000
10
67 2.000000
35 0.000000
6
5
4
75 5.000000
67 1.000000
35 2.000000
7
67 4.000000
10
67 2.000000
35 0.000000
6
6
4
75 8.000000
35 2.000000
75 9.000000
20
